mcList
warp
END
itemList
elle
banana
END
transList
map2,11,12
map1,5,5
END
015, 015, 015, 015, 015, 015, 015, 015, 015, 015, 015, 015, 015, 015, 015
015, 015, 015, 015, 015, 015, 015, 015, 015, 015, 015, 015, 015, 015, 015
015, 015, 015, 015, 015, 015, 015, 015, 015, 015, 015, 015, 015, 015, 015
015, 015, 015, 015, 015, 015, 015, 102, 110, 110, 103, 015, 015, 015, 015
015, 015, 015, 315.0, 015, 015, 102, 1205, 113, 113, 111, 015, 015, 015, 015
015, 015, 015, 015, 015, 015, 108, 113, 113, 100, 107, 015, 015, 015, 015
015, 015, 015, 015, 015, 015, 106, 109, 109, 107, 015, 015, 015, 015, 015
015, 015, 015, 015, 015, 015, 015, 015, 015, 015, 015, 015, 015, 015, 015
015, 015, 015, 015, 015, 015, 015, 015, 015, 015, 015, 015, 015, 015, 015
015, 015, 015, 015, 015, 215, 015, 015, 015, 015, 015, 015, 015, 015, 015
015, 015, 015, 015, 015, 015, 015, 015, 015, 015, 015, 1215, 015, 015, 015
015, 015, 015, 015, 015, 015, 015, 015, 015, 015, 015, 015, 1315.0, 015, 015
015, 015, 015, 015, 015, 015, 015, 015, 015, 015, 015, 015, 015, 015, 015
015, 015, 015, 015, 015, 015, 015, 015, 015, 015, 015, 015, 015, 015, 015
END
source
tile
END

